,answers,options,questions,article,id
3,B,"['In a newspaper.', 'On the Internet.', 'In a magazine.', 'In a guide book.']",Where can the reader find the passage?,"There is more than one reason for which you need to hire a business attorney . It is very important to hire some good attorney for your business especially because of the fact that you will need their knowledge and advice from beginning to all the time through your business. An attorney actually provides useful advice and guidance for your business and above all for your finance.
When you start some business you need to hire a business attorney for helping you in decision making for which kind of business you are going to start. So, all steps and all legal requirements will be provided to you and you can work without any trouble. Therefore, you will be introduced to all that you need to know and how to organize your business. You will be made aware about what type of organization would be the most useful and the best for you. Moreover, it is very useful when you have business consultant and especially in the law area, because he will provide you with legal knowledge and direct about what is legal for business and what is illegal.
At the same time, he will provide you with legal contract that you need to have for your corporate reports. Also, when you are a beginner in business it is very difficult to handle all kind of state taxes and fee; so a business attorney is here to help you with that. When there are some questions about auction, good and professional business-attorney will lead you through acquisitions , sale mergers  and similar matters.
These are only few reasons why you need to hire a good attorney, but there are more of them. So when you start some business, use advice of professionals and take the right decision.
If you need a good and excellent attorney, you don't hesitate to get in touch with Arizona Business Attorney .Click here to find an Arizona Business Attorney",high12411.txt
